l aveZ aveP varZ varP kurt check
-----------------------------
0 0.0 0.0 0.0 0.0 0.0
1 707.8604504040867 707.8604504040867 2209409.396823167 2209409.396823167 8.891609184350868
2 466.78045785654433 1198.6081446557862 1109536.53124115 2459432.84833268 14.189800248108993
3 291.40772863225743 1493.197278294242 551747.213994337 2187812.2359567997 15.578078707142527
4 159.65370693036832 1625.1440282386639 215431.1863680514 1974208.7338243066 15.775873326601749
5 63.39994211658405 1687.051957505721 57489.116550063554 1869992.1741444906 35.34474118987056
6 45.721687464440706 1691.4611246303818 39511.97354631446 1751023.0680338866 37.093739869884025
7 20.03636563692591 1752.1634418002543 10519.682797100508 1693625.6739123445 51.25275935629034
8 9.624216128687259 1821.6594259891967 3068.2498806289127 1743868.1660782997 59.1858590818481
9 5.576150049790856 1754.2624407083126 1693.5299464157085 1636707.6220230148 111.86899726408359
10 2.6137466861892027 1730.7657835889681 531.9954300011345 1642706.7175049148 170.73680876882904

alpha = 0.918167
beta  = 1.36201


