l aveZ aveP varZ varP kurt check
-----------------------------
0 0.0 0.0 0.0 0.0 0.0
1 707.8604504040867 707.8604504040867 2209409.396823167 2209409.396823167 8.891609184350868
2 466.78045785654433 1198.6081446557862 1109536.53124115 2459432.84833268 14.189800248108993
3 291.40772863225743 1493.197278294242 551747.213994337 2187812.2359567997 15.578078707142527
4 159.65370693036832 1625.1440282386639 215431.1863680514 1974208.7338243066 15.775873326601749
5 63.39994211658405 1687.051957505721 57489.116550063554 1869992.1741444906 35.34474118987056
6 45.721687464440706 1691.4611246303818 39511.97354631446 1751023.0680338866 37.093739869884025
7 20.03636563692591 1752.1634418002543 10519.682797100508 1693625.6739123445 51.25275935629034
8 9.624216128687259 1821.6594259891967 3068.2498806289127 1743868.1660782997 59.1858590818481
9 5.576150049790856 1754.2624407083126 1693.5299464157085 1636707.6220230148 111.86899726408359
10 2.6137466861892027 1730.7657835889681 531.9954300011345 1642706.7175049148 170.73680876882904

alpha = 0.918167
beta  = 1.36201

eps value mlmc std save N...
-----------------------------
100 1744.8505954771167 16958.0 14797.845397085714 0.8726173721597897 100 1673 724 357 161 86 38
50 1725.0897330218954 65180.0 139176.38363706012 2.135262099371895 100 6344 2910 1312 599 306 96 37
20 1771.9174732749432 536996.0 1383027.6369129857 2.575489644081121 100 45696 21618 10063 4568 2112 678 392 173
10 1755.384837640758 2228162.0 12090818.392418226 5.426364147857393 100 185061 88437 40234 18035 8310 3238 1520 475 204
5 1755.4288651220577 10816006.0 182795381.44641882 16.900451187473344 100 824569 391908 179744 81054 34452 15001 5919 2277 1082 460 213