 l  aveZ       aveP       varZ       varP       kurt       check
--------------------------------------------------------------------
 0  0.000e+00  0.000e+00  0.000e+00  0.000e+00  0.000e+00  0.000e+00
 1  1.113e+02  1.113e+02  7.569e+04  7.569e+04  1.706e+01  0.000e+00
 2  5.844e+01  1.747e+02  2.887e+04  8.077e+04  1.927e+01  9.019e-03
 3  3.044e+01  2.113e+02  9.823e+03  7.091e+04  1.825e+01  6.438e-02
 4  1.479e+01  2.197e+02  3.798e+03  6.060e+04  4.127e+01  1.117e-01
 5  7.437e+00  2.276e+02  1.455e+03  5.931e+04  5.771e+01  6.713e-02
 6  3.539e+00  2.309e+02  4.604e+02  5.523e+04  7.599e+01  8.509e-02
 7  1.737e+00  2.260e+02  1.588e+02  5.264e+04  9.767e+01  2.990e-01
 8  7.856e-01  2.379e+02  5.301e+01  5.411e+04  1.820e+02  3.623e-01
 9  3.656e-01  2.207e+02  1.718e+01  4.987e+04  2.267e+02  4.578e-01
10  2.064e-01  2.245e+02  6.398e+00  5.185e+04  2.674e+02  2.444e-01

alpha = 1.028
beta  = 1.514
gamma = 1.000

eps        value      mlmc       std        save         N...
------------------------------------------------------------------
5.000e+00  2.275e+02  1.792e+05  4.244e+05   2.369       1000     19148      8442      3836      1509       659       260       106
2.000e+00  2.314e+02  1.256e+06  4.807e+06   3.826       1000    129318     54558     24290      9920      4161      1848       678       341
1.000e+00  2.318e+02  5.486e+06  3.794e+07   6.917       1000    541246    230666     98402     42008     18309      7138      2688      1358       558
5.000e-01  2.327e+02  2.378e+07  2.851e+08  11.987       1000   2259408    965022    411107    174716     73726     30716     11958      5671      2208       860
2.000e-01  2.328e+02  1.559e+08  3.589e+09  23.014       1000  14491393   6197040   2630609   1115221    467514    201950     82247     35555     14760      4367      1827