 l  aveZ       aveP       varZ       varP       kurt       check
--------------------------------------------------------------------
 0  0.000e+00  0.000e+00  0.000e+00  0.000e+00  0.000e+00  0.000e+00
 1  1.682e-03  1.682e-03  1.430e-03  1.430e-03  1.204e+03  0.000e+00
 2  8.240e-04  2.500e-03  5.163e-04  1.702e-03  1.976e+03  8.046e-03
 3  3.757e-04  2.829e-03  1.536e-04  1.587e-03  2.736e+03  7.468e-02
 4  1.957e-04  3.011e-03  5.810e-05  1.589e-03  3.431e+03  2.344e-02
 5  9.877e-05  3.127e-03  1.819e-05  1.565e-03  3.539e+03  3.147e-02
 6  4.810e-05  3.277e-03  8.253e-06  1.626e-03  1.321e+04  1.822e-01
 7  3.460e-05  3.418e-03  4.789e-06  1.735e-03  8.934e+03  1.894e-01
 8  1.001e-05  3.289e-03  6.357e-07  1.605e-03  1.148e+04  2.515e-01
 9  4.750e-06  3.255e-03  2.196e-07  1.563e-03  1.991e+04  7.223e-02
10  3.260e-06  3.411e-03  9.949e-08  1.754e-03  1.741e+04  2.787e-01

alpha = 1.017
beta  = 1.541
gamma = 0.967

eps        value      mlmc       std        save         N...
------------------------------------------------------------------
2.000e-04  3.100e-03  1.323e+06  1.988e+06   1.502       1000    161115     78170     27171     16063      6659
1.000e-04  3.144e-03  6.063e+06  1.156e+07   1.906       1000    735737    313956    110975     60577     25237     10463
5.000e-05  3.252e-03  2.675e+07  1.099e+08   4.108       1000   3067679   1294198    546971    253660    105734     30995     12767
2.000e-05  3.264e-03  2.273e+08  2.798e+09  12.308       1000  22733947   9420083   4034384   1743046    767041    296438     86898     62695     25991
1.000e-05  3.289e-03  9.147e+08  1.028e+10  11.241       1000  90602265  38556513  16084834   6845080   3015462   1254304    499616    247034     72416