 l  aveZ       aveP       varZ       varP       kurt       check
--------------------------------------------------------------------
 0  0.000e+00  0.000e+00  0.000e+00  0.000e+00  0.000e+00  0.000e+00
 1  7.303e+01  7.303e+01  7.591e+03  7.591e+03  5.338e+00  0.000e+00
 2  4.911e+01  1.220e+02  3.911e+03  6.384e+03  5.948e+00  8.081e-02
 3  2.970e+01  1.519e+02  1.859e+03  4.415e+03  7.092e+00  1.748e-01
 4  1.490e+01  1.668e+02  7.418e+02  2.944e+03  9.882e+00  6.254e-02
 5  5.388e+00  1.722e+02  2.100e+02  1.933e+03  1.953e+01  3.939e-02
 6  1.063e+00  1.732e+02  3.040e+01  1.243e+03  7.023e+01  2.686e-02
 7  7.211e-02  1.732e+02  1.275e+00  8.468e+02  6.001e+02  2.983e-01
 8  9.448e-04  1.733e+02  9.189e-03  6.411e+02  1.729e+04  3.381e-01
 9  0.000e+00  1.733e+02  0.000e+00  5.404e+02  nan  9.136e-02
10  0.000e+00  1.732e+02  0.000e+00  4.894e+02  nan  4.495e-01

alpha = 0
beta  = 0
gamma = 0

eps        value      mlmc       std        save         N...
------------------------------------------------------------------
2 172.128 157476 30928 0.196398 0 17286 8774 4278 1911 719
1 173.191 732794 159104 0.21712 0 74579 37853 18454 8243 3102 835
0.5 173.191 2.93091e+06 636416 0.217139 0 298315 151410 73814 32971 12405 3338
0.2 173.191 1.83177e+07 3.9776e+06 0.217145 0 1864465 946311 461333 206065 77528 20858
0.1 173.191 7.32705e+07 1.59104e+07 0.217146 0 7457858 3785241 1845332 824258 310109 83431
0.05 173.191 2.93082e+08 6.36416e+07 0.217146 0 29831431 15140964 7381325 3297031 1240436 333724