 l  aveZ       aveP       varZ       varP       kurt       check
--------------------------------------------------------------------
 0  0.000e+00  0.000e+00  0.000e+00  0.000e+00  0.000e+00  0.000e+00
 1  7.259e+01  7.259e+01  7.325e+03  7.325e+03  4.998e+00  0.000e+00
 2  4.914e+01  1.215e+02  3.833e+03  6.136e+03  5.482e+00  1.585e-01
 3  2.990e+01  1.512e+02  1.822e+03  4.105e+03  6.385e+00  1.132e-01
 4  1.508e+01  1.667e+02  7.414e+02  2.552e+03  9.068e+00  3.703e-01
 5  5.540e+00  1.721e+02  2.135e+02  1.513e+03  1.771e+01  1.687e-01
 6  1.108e+00  1.732e+02  3.097e+01  8.175e+02  6.206e+01  7.396e-02
 7  7.497e-02  1.733e+02  1.312e+00  4.142e+02  5.491e+02  1.767e-01
 8  7.361e-04  1.733e+02  6.637e-03  2.090e+02  2.214e+04  3.809e-02
 9  0.000e+00  1.732e+02  0.000e+00  1.060e+02  nan  3.475e-01
10  0.000e+00  1.733e+02  0.000e+00  5.493e+01  nan  4.486e-01

alpha = 0
beta  = 0
gamma = 0

eps        value      mlmc       std        save         N...
------------------------------------------------------------------
2 172.25 155248 24208 0.155931 0 16860 8624 4205 1897 720
1 173.358 724136 104640 0.144503 0 72826 37251 18161 8192 3109 838
0.5 173.358 2.89624e+06 418560 0.144518 0 291304 149004 72642 32766 12434 3349
0.2 173.358 1.81011e+07 2.616e+06 0.144521 0 1820647 931272 454011 204788 77708 20928
0.1 173.358 7.24043e+07 1.0464e+07 0.144522 0 7282588 3725087 1816043 819150 310829 83711
0.05 173.358 2.89617e+08 4.1856e+07 0.144522 0 29130352 14900345 7264172 3276599 1243315 334841