 l  aveZ       aveP       varZ       varP       kurt       check
--------------------------------------------------------------------
 0  0.000e+00  0.000e+00  0.000e+00  0.000e+00  0.000e+00  0.000e+00
 1  2.082e-03  2.082e-03  1.941e-03  1.941e-03  9.351e+02  0.000e+00
 2  9.350e-04  2.817e-03  5.309e-04  1.893e-03  1.805e+03  4.921e-02
 3  5.020e-04  3.269e-03  1.956e-04  1.999e-03  1.915e+03  1.740e-01
 4  2.278e-04  3.499e-03  7.569e-05  1.863e-03  2.603e+03  4.616e-02
 5  1.805e-04  3.629e-03  4.353e-05  2.095e-03  2.197e+03  9.942e-03
 6  2.630e-05  2.753e-03  1.364e-06  1.223e-03  2.556e+03  5.018e-01
 7  2.194e-05  3.267e-03  2.303e-06  1.501e-03  1.124e+04  2.992e-01
 8  1.092e-05  3.348e-03  7.629e-07  1.743e-03  1.289e+04  5.652e-02
 9  1.209e-06  3.407e-03  1.288e-08  1.674e-03  1.371e+04  1.420e-01
10  1.123e-05  3.577e-03  3.114e-07  1.978e-03  3.659e+03  2.355e-02

alpha = 1.064
beta  = 1.702
gamma = 0.998

eps        value      mlmc       std        save         N...
------------------------------------------------------------------
2.000e-04  3.023e-03  1.063e+06  1.521e+06   1.431       1000    136862     75097     24478     10219      4006
1.000e-04  2.928e-03  3.811e+06  6.828e+06   1.791       1000    530684    277002     90760     36785     10196
5.000e-05  3.188e-03  2.854e+07  3.054e+08  10.701       1000   3176797   1353041    549424    192750     87963     36706     18741      6771
2.000e-05  3.273e-03  2.280e+08  2.717e+09  11.918       1000  22738248   9676505   3983546   1692678    674081    278155    142350     59747     23419
1.000e-05  3.282e-03  9.944e+08  2.316e+10  23.291       1000  94122991  40058365  16830185   7191242   2933677   1116166    556281    230385     98980     48837