 l  aveZ       aveP       varZ       varP       kurt       check
--------------------------------------------------------------------
 0  0.000e+00  0.000e+00  0.000e+00  0.000e+00  0.000e+00  0.000e+00
 1  2.481e+00  2.481e+00  6.137e+01  6.137e+01  2.357e+01  0.000e+00
 2  1.272e+00  3.707e+00  2.220e+01  6.510e+01  2.906e+01  1.063e-01
 3  6.584e-01  4.329e+00  8.627e+00  6.238e+01  4.830e+01  8.938e-02
 4  3.234e-01  4.739e+00  2.933e+00  6.156e+01  6.410e+01  2.343e-01
 5  1.596e-01  4.789e+00  1.061e+00  5.900e+01  8.995e+01  3.136e-01
 6  7.027e-02  4.979e+00  2.902e-01  5.914e+01  1.063e+02  3.562e-01
 7  3.734e-02  4.927e+00  1.211e-01  5.824e+01  1.838e+02  2.689e-01
 8  2.061e-02  5.004e+00  4.924e-02  5.865e+01  2.454e+02  1.715e-01
 9  1.138e-02  5.032e+00  1.883e-02  5.922e+01  3.272e+02  5.135e-02
10  4.761e-03  4.935e+00  5.737e-03  5.805e+01  5.003e+02  3.131e-01

alpha = 0.996
beta  = 1.484
gamma = 0.985

eps        value      mlmc       std        save         N...
------------------------------------------------------------------
2.000e-01  5.198e+00  6.844e+04  9.283e+04   1.356       1000      8327      3530      1695       604       250        85
1.000e-01  5.116e+00  2.920e+05  4.664e+05   1.597       1000     34677     15237      6820      2628      1252       375
5.000e-02  4.998e+00  1.332e+06  3.991e+06   2.997       1000    147631     62781     27403     11456      4739      1948       824
2.000e-02  5.019e+00  1.109e+07  1.036e+08   9.344       1000   1062766    453845    194993     82718     33416     14623      7166      2967      1137
1.000e-02  5.045e+00  5.310e+07  1.570e+09  29.559       1000   4663924   2004984    855378    365352    151859     66419     28866     12033      4852      2569      1009